['a', 20, 1, 0]
['b', 0, 2, 0]
['c', 0, 3, 0]
['d', 0, 4, 1]
['b', 1, 5, 0]
['b', 9, 2, 0]
['c', 0, 3, 0]
['d', 0, 4, 1]
['c', 4, 3, 0]
['d', 0, 4, 1]
['f', 1, 6, 0]
['c', 0, 7, 0]
['e', 0, 8, 1]
['g', 0, 9, 0]
['c', 0, 10, 0]
['e', 0, 8, 1]
['f', 6, 11, 1]
['a', 20, 1, 0]
['b', 0, 2, 0]
['c', 0, 3, 0]
['d', 0, 4, 1]
['b', 1, 5, 0]
['b', 9, 2, 0]
['c', 0, 3, 0]
['d', 0, 4, 1]
['c', 4, 3, 0]
['d', 0, 4, 1]
['f', 1, 6, 0]
['c', 0, 7, 0]
['e', 0, 8, 1]
['g', 0, 9, 0]
['c', 0, 10, 0]
['e', 0, 8, 1]
['f', 6, 11, 1]
